011111111111000000000000
011111111111111111110010
011111111111111111100110
011111111111111111011001
011111111110111111001101
011111111110111111000000
011111111110111110110100
011111111101111110100111
011111111101111110011011
011111111100111110001110
011111111011111110000001
011111111010111101110101
011111111001111101101000
011111111000111101011100
011111110111111101001111
011111110110111101000011
011111110101111100110110
011111110100111100101010
011111110011111100011101
011111110001111100010001
011111110000111100000100
011111101110111011111000
011111101100111011101100
011111101011111011011111
011111101001111011010011
011111100111111011000110
011111100101111010111010
011111100011111010101101
011111100001111010100001
011111011111111010010101
011111011100111010001000
011111011010111001111100
011111011000111001110000
011111010101111001100011
011111010011111001010111
011111010000111001001011
011111001101111000111110
011111001010111000110010
011111001000111000100110
011111000101111000011010
011111000010111000001110
011110111111111000000001
011110111011110111110101
011110111000110111101001
011110110101110111011101
011110110001110111010001
011110101110110111000101
011110101010110110111001
011110100111110110101101
011110100011110110100001
011110011111110110010101
011110011100110110001001
011110011000110101111101
011110010100110101110001
011110010000110101100101
011110001100110101011001
011110000111110101001101
011110000011110101000010
011101111111110100110110
011101111010110100101010
011101110110110100011110
011101110001110100010011
011101101101110100000111
011101101000110011111011
011101100011110011110000
011101011110110011100100
011101011001110011011000
011101010100110011001101
011101001111110011000001
011101001010110010110110
011101000101110010101011
011101000000110010011111
011100111010110010010100
011100110101110010001000
011100110000110001111101
011100101010110001110010
011100100100110001100111
011100011111110001011011
011100011001110001010000
011100010011110001000101
011100001101110000111010
011100000111110000101111
011100000001110000100100
011011111011110000011001
011011110101110000001110
011011101111110000000011
011011101001101111111000
011011100010101111101101
011011011100101111100011
011011010101101111011000
011011001111101111001101
011011001000101111000010
011011000001101110111000
011010111011101110101101
011010110100101110100011
011010101101101110011000
011010100110101110001110
011010011111101110000011
011010011000101101111001
011010010001101101101111
011010001010101101100100
011010000010101101011010
011001111011101101010000
011001110100101101000110
011001101100101100111100
011001100101101100110010
011001011101101100101000
011001010101101100011110
011001001110101100010100
011001000110101100001010
011000111110101100000000
011000110110101011110110
011000101110101011101100
011000100110101011100011
011000011110101011011001
011000010110101011001111
011000001110101011000110
011000000110101010111100
010111111101101010110011
010111110101101010101010
010111101101101010100000
010111100100101010010111
010111011100101010001110
010111010011101010000101
010111001011101001111100
010111000010101001110010
010110111001101001101001
010110110000101001100000
010110100111101001011000
010110011111101001001111
010110010110101001000110
010110001101101000111101
010110000011101000110100
010101111010101000101100
010101110001101000100011
010101101000101000011011
010101011111101000010010
010101010101101000001010
010101001100101000000010
010101000011100111111001
010100111001100111110001
010100110000100111101001
010100100110100111100001
010100011100100111011001
010100010011100111010001
010100001001100111001001
010011111111100111000001
010011110101100110111001
010011101011100110110001
010011100001100110101010
010011010111100110100010
010011001101100110011010
010011000011100110010011
010010111001100110001011
010010101111100110000100
010010100101100101111101
010010011011100101110101
010010010000100101101110
010010000110100101100111
010001111100100101100000
010001110001100101011001
010001100111100101010010
010001011100100101001011
010001010010100101000100
010001000111100100111110
010000111101100100110111
010000110010100100110000
010000100111100100101010
010000011100100100100011
010000010010100100011101
010000000111100100010110
001111111100100100010000
001111110001100100001010
001111100110100100000100
001111011011100011111110
001111010000100011111000
001111000101100011110010
001110111010100011101100
001110101111100011100110
001110100100100011100000
001110011000100011011011
001110001101100011010101
001110000010100011001111
001101110111100011001010
001101101011100011000101
001101100000100010111111
001101010100100010111010
001101001001100010110101
001100111110100010110000
001100110010100010101011
001100100111100010100110
001100011011100010100001
001100001111100010011100
001100000100100010010111
001011111000100010010010
001011101100100010001110
001011100001100010001001
001011010101100010000101
001011001001100010000000
001010111101100001111100
001010110010100001111000
001010100110100001110011
001010011010100001101111
001010001110100001101011
001010000010100001100111
001001110110100001100011
001001101010100001100000
001001011110100001011100
001001010010100001011000
001001000110100001010101
001000111010100001010001
001000101110100001001110
001000100010100001001010
001000010110100001000111
001000001010100001000100
000111111110100001000000
000111110001100000111101
000111100101100000111010
000111011001100000110111
000111001101100000110101
000111000001100000110010
000110110100100000101111
000110101000100000101100
000110011100100000101010
000110001111100000100111
000110000011100000100101
000101110111100000100011
000101101010100000100000
000101011110100000011110
000101010010100000011100
000101000101100000011010
000100111001100000011000
000100101100100000010110
000100100000100000010100
000100010011100000010011
000100000111100000010001
000011111011100000001111
000011101110100000001110
000011100010100000001100
000011010101100000001011
000011001001100000001010
000010111100100000001001
000010110000100000001000
000010100011100000000111
000010010111100000000110
000010001010100000000101
000001111110100000000100
000001110001100000000011
000001100100100000000010
000001011000100000000010
000001001011100000000001
000000111111100000000001
000000110010100000000001
000000100110100000000000
000000011001100000000000
000000001101100000000000
