011111111111000000000000
011111111111111111100110
011111111110111111001101
011111111110111110110100
011111111101111110011011
011111111011111110000001
011111111001111101101000
011111110111111101001111
011111110101111100110110
011111110011111100011101
011111110000111100000100
011111101100111011101100
011111101001111011010011
011111100101111010111010
011111100001111010100001
011111011100111010001000
011111011000111001110000
011111010011111001010111
011111001101111000111110
011111001000111000100110
011111000010111000001110
011110111011110111110101
011110110101110111011101
011110101110110111000101
011110100111110110101101
011110011111110110010101
011110011000110101111101
011110010000110101100101
011110000111110101001101
011101111111110100110110
011101110110110100011110
011101101101110100000111
011101100011110011110000
011101011001110011011000
011101001111110011000001
011101000101110010101011
011100111010110010010100
011100110000110001111101
011100100100110001100111
011100011001110001010000
011100001101110000111010
011100000001110000100100
011011110101110000001110
011011101001101111111000
011011011100101111100011
011011001111101111001101
011011000001101110111000
011010110100101110100011
011010100110101110001110
011010011000101101111001
011010001010101101100100
011001111011101101010000
011001101100101100111100
011001011101101100101000
011001001110101100010100
011000111110101100000000
011000101110101011101100
011000011110101011011001
011000001110101011000110
010111111101101010110011
010111101101101010100000
010111011100101010001110
010111001011101001111100
010110111001101001101001
010110100111101001011000
010110010110101001000110
010110000011101000110100
010101110001101000100011
010101011111101000010010
010101001100101000000010
010100111001100111110001
010100100110100111100001
010100010011100111010001
010011111111100111000001
010011101011100110110001
010011010111100110100010
010011000011100110010011
010010101111100110000100
010010011011100101110101
010010000110100101100111
010001110001100101011001
010001011100100101001011
010001000111100100111110
010000110010100100110000
010000011100100100100011
010000000111100100010110
001111110001100100001010
001111011011100011111110
001111000101100011110010
001110101111100011100110
001110011000100011011011
001110000010100011001111
001101101011100011000101
001101010100100010111010
001100111110100010110000
001100100111100010100110
001100001111100010011100
001011111000100010010010
001011100001100010001001
001011001001100010000000
001010110010100001111000
001010011010100001101111
001010000010100001100111
001001101010100001100000
001001010010100001011000
001000111010100001010001
001000100010100001001010
001000001010100001000100
000111110001100000111101
000111011001100000110111
000111000001100000110010
000110101000100000101100
000110001111100000100111
000101110111100000100011
000101011110100000011110
000101000101100000011010
000100101100100000010110
000100010011100000010011
000011111011100000001111
000011100010100000001100
000011001001100000001010
000010110000100000001000
000010010111100000000110
000001111110100000000100
000001100100100000000010
000001001011100000000001
000000110010100000000001
000000011001100000000000
