011111111111000000000000
011111111110111111001101
011111111101111110011011
011111111001111101101000
011111110101111100110110
011111110000111100000100
011111101001111011010011
011111100001111010100001
011111011000111001110000
011111001101111000111110
011111000010111000001110
011110110101110111011101
011110100111110110101101
011110011000110101111101
011110000111110101001101
011101110110110100011110
011101100011110011110000
011101001111110011000001
011100111010110010010100
011100100100110001100111
011100001101110000111010
011011110101110000001110
011011011100101111100011
011011000001101110111000
011010100110101110001110
011010001010101101100100
011001101100101100111100
011001001110101100010100
011000101110101011101100
011000001110101011000110
010111101101101010100000
010111001011101001111100
010110100111101001011000
010110000011101000110100
010101011111101000010010
010100111001100111110001
010100010011100111010001
010011101011100110110001
010011000011100110010011
010010011011100101110101
010001110001100101011001
010001000111100100111110
010000011100100100100011
001111110001100100001010
001111000101100011110010
001110011000100011011011
001101101011100011000101
001100111110100010110000
001100001111100010011100
001011100001100010001001
001010110010100001111000
001010000010100001100111
001001010010100001011000
001000100010100001001010
000111110001100000111101
000111000001100000110010
000110001111100000100111
000101011110100000011110
000100101100100000010110
000011111011100000001111
000011001001100000001010
000010010111100000000110
000001100100100000000010
000000110010100000000001
