011111111111000000000000
011111111111111111111001
011111111111111111110010
011111111111111111101100
011111111111111111100110
011111111111111111100000
011111111111111111011001
011111111111111111010011
011111111110111111001101
011111111110111111000110
011111111110111111000000
011111111110111110111010
011111111110111110110100
011111111101111110101101
011111111101111110100111
011111111101111110100001
011111111101111110011011
011111111100111110010100
011111111100111110001110
011111111100111110001000
011111111011111110000001
011111111011111101111011
011111111010111101110101
011111111010111101101111
011111111001111101101000
011111111001111101100010
011111111000111101011100
011111111000111101010110
011111110111111101001111
011111110111111101001001
011111110110111101000011
011111110110111100111101
011111110101111100110110
011111110101111100110000
011111110100111100101010
011111110011111100100100
011111110011111100011101
011111110010111100010111
011111110001111100010001
011111110000111100001011
011111110000111100000100
011111101111111011111110
011111101110111011111000
011111101101111011110010
011111101100111011101100
011111101100111011100101
011111101011111011011111
011111101010111011011001
011111101001111011010011
011111101000111011001100
011111100111111011000110
011111100110111011000000
011111100101111010111010
011111100100111010110100
011111100011111010101101
011111100010111010100111
011111100001111010100001
011111100000111010011011
011111011111111010010101
011111011110111010001110
011111011100111010001000
011111011011111010000010
011111011010111001111100
011111011001111001110110
011111011000111001110000
011111010110111001101001
011111010101111001100011
011111010100111001011101
011111010011111001010111
011111010001111001010001
011111010000111001001011
011111001111111001000101
011111001101111000111110
011111001100111000111000
011111001010111000110010
011111001001111000101100
011111001000111000100110
011111000110111000100000
011111000101111000011010
011111000011111000010100
011111000010111000001110
011111000000111000001000
011110111111111000000001
011110111101110111111011
011110111011110111110101
011110111010110111101111
011110111000110111101001
011110110111110111100011
011110110101110111011101
011110110011110111010111
011110110001110111010001
011110110000110111001011
011110101110110111000101
011110101100110110111111
011110101010110110111001
011110101001110110110011
011110100111110110101101
011110100101110110100111
011110100011110110100001
011110100001110110011011
011110011111110110010101
011110011110110110001111
011110011100110110001001
011110011010110110000011
011110011000110101111101
011110010110110101110111
011110010100110101110001
011110010010110101101011
011110010000110101100101
011110001110110101011111
011110001100110101011001
011110001001110101010011
011110000111110101001101
011110000101110101000111
011110000011110101000010
011110000001110100111100
011101111111110100110110
011101111101110100110000
011101111010110100101010
011101111000110100100100
011101110110110100011110
011101110100110100011000
011101110001110100010011
011101101111110100001101
011101101101110100000111
011101101010110100000001
011101101000110011111011
011101100110110011110101
011101100011110011110000
011101100001110011101010
011101011110110011100100
011101011100110011011110
011101011001110011011000
011101010111110011010011
011101010100110011001101
011101010010110011000111
011101001111110011000001
011101001101110010111100
011101001010110010110110
011101001000110010110000
011101000101110010101011
011101000010110010100101
011101000000110010011111
011100111101110010011001
011100111010110010010100
011100111000110010001110
011100110101110010001000
011100110010110010000011
011100110000110001111101
011100101101110001111000
011100101010110001110010
011100100111110001101100
011100100100110001100111
011100100010110001100001
011100011111110001011011
011100011100110001010110
011100011001110001010000
011100010110110001001011
011100010011110001000101
011100010000110001000000
011100001101110000111010
011100001010110000110101
011100000111110000101111
011100000100110000101001
011100000001110000100100
011011111110110000011110
011011111011110000011001
011011111000110000010100
011011110101110000001110
011011110010110000001001
011011101111110000000011
011011101100101111111110
011011101001101111111000
011011100101101111110011
011011100010101111101101
011011011111101111101000
011011011100101111100011
011011011001101111011101
011011010101101111011000
011011010010101111010011
011011001111101111001101
011011001011101111001000
011011001000101111000010
011011000101101110111101
011011000001101110111000
011010111110101110110011
011010111011101110101101
011010110111101110101000
011010110100101110100011
011010110000101110011101
011010101101101110011000
011010101001101110010011
011010100110101110001110
011010100011101110001001
011010011111101110000011
011010011011101101111110
011010011000101101111001
011010010100101101110100
011010010001101101101111
011010001101101101101001
011010001010101101100100
011010000110101101011111
011010000010101101011010
011001111111101101010101
011001111011101101010000
011001110111101101001011
011001110100101101000110
011001110000101101000001
011001101100101100111100
011001101000101100110111
011001100101101100110010
011001100001101100101101
011001011101101100101000
011001011001101100100011
011001010101101100011110
011001010010101100011001
011001001110101100010100
011001001010101100001111
011001000110101100001010
011001000010101100000101
011000111110101100000000
011000111010101011111011
011000110110101011110110
011000110010101011110001
011000101110101011101100
011000101010101011101000
011000100110101011100011
011000100010101011011110
011000011110101011011001
011000011010101011010100
011000010110101011001111
011000010010101011001011
011000001110101011000110
011000001010101011000001
011000000110101010111100
011000000010101010111000
010111111101101010110011
010111111001101010101110
010111110101101010101010
010111110001101010100101
010111101101101010100000
010111101001101010011100
010111100100101010010111
010111100000101010010010
010111011100101010001110
010111010111101010001001
010111010011101010000101
010111001111101010000000
010111001011101001111100
010111000110101001110111
010111000010101001110010
010110111101101001101110
010110111001101001101001
010110110101101001100101
010110110000101001100000
010110101100101001011100
010110100111101001011000
010110100011101001010011
010110011111101001001111
010110011010101001001010
010110010110101001000110
010110010001101001000010
010110001101101000111101
010110001000101000111001
010110000011101000110100
010101111111101000110000
010101111010101000101100
010101110110101000101000
010101110001101000100011
010101101101101000011111
010101101000101000011011
010101100011101000010110
010101011111101000010010
010101011010101000001110
010101010101101000001010
010101010001101000000110
010101001100101000000010
010101000111100111111101
010101000011100111111001
010100111110100111110101
010100111001100111110001
010100110100100111101101
010100110000100111101001
010100101011100111100101
010100100110100111100001
010100100001100111011101
010100011100100111011001
010100010111100111010101
010100010011100111010001
010100001110100111001101
010100001001100111001001
010100000100100111000101
010011111111100111000001
010011111010100110111101
010011110101100110111001
010011110000100110110101
010011101011100110110001
010011100110100110101101
010011100001100110101010
010011011100100110100110
010011010111100110100010
010011010010100110011110
010011001101100110011010
010011001000100110010111
010011000011100110010011
010010111110100110001111
010010111001100110001011
010010110100100110001000
010010101111100110000100
010010101010100110000000
010010100101100101111101
010010100000100101111001
010010011011100101110101
010010010110100101110010
010010010000100101101110
010010001011100101101011
010010000110100101100111
010010000001100101100100
010001111100100101100000
010001110110100101011100
010001110001100101011001
010001101100100101010110
010001100111100101010010
010001100010100101001111
010001011100100101001011
010001010111100101001000
010001010010100101000100
010001001100100101000001
010001000111100100111110
010001000010100100111010
010000111101100100110111
010000110111100100110100
010000110010100100110000
010000101100100100101101
010000100111100100101010
010000100010100100100110
010000011100100100100011
010000010111100100100000
010000010010100100011101
010000001100100100011010
010000000111100100010110
010000000001100100010011
001111111100100100010000
001111110110100100001101
001111110001100100001010
001111101011100100000111
001111100110100100000100
001111100001100100000001
001111011011100011111110
001111010110100011111011
001111010000100011111000
001111001010100011110101
001111000101100011110010
001110111111100011101111
001110111010100011101100
001110110100100011101001
001110101111100011100110
001110101001100011100011
001110100100100011100000
001110011110100011011101
001110011000100011011011
001110010011100011011000
001110001101100011010101
001110000111100011010010
001110000010100011001111
001101111100100011001101
001101110111100011001010
001101110001100011000111
001101101011100011000101
001101100110100011000010
001101100000100010111111
001101011010100010111101
001101010100100010111010
001101001111100010110111
001101001001100010110101
001101000011100010110010
001100111110100010110000
001100111000100010101101
001100110010100010101011
001100101100100010101000
001100100111100010100110
001100100001100010100011
001100011011100010100001
001100010101100010011110
001100001111100010011100
001100001010100010011001
001100000100100010010111
001011111110100010010101
001011111000100010010010
001011110010100010010000
001011101100100010001110
001011100111100010001011
001011100001100010001001
001011011011100010000111
001011010101100010000101
001011001111100010000010
001011001001100010000000
001011000011100001111110
001010111101100001111100
001010111000100001111010
001010110010100001111000
001010101100100001110110
001010100110100001110011
001010100000100001110001
001010011010100001101111
001010010100100001101101
001010001110100001101011
001010001000100001101001
001010000010100001100111
001001111100100001100101
001001110110100001100011
001001110000100001100001
001001101010100001100000
001001100100100001011110
001001011110100001011100
001001011000100001011010
001001010010100001011000
001001001100100001010110
001001000110100001010101
001001000000100001010011
001000111010100001010001
001000110100100001001111
001000101110100001001110
001000101000100001001100
001000100010100001001010
001000011100100001001000
001000010110100001000111
001000010000100001000101
001000001010100001000100
001000000100100001000010
000111111110100001000000
000111110111100000111111
000111110001100000111101
000111101011100000111100
000111100101100000111010
000111011111100000111001
000111011001100000110111
000111010011100000110110
000111001101100000110101
000111000111100000110011
000111000001100000110010
000110111010100000110000
000110110100100000101111
000110101110100000101110
000110101000100000101100
000110100010100000101011
000110011100100000101010
000110010110100000101001
000110001111100000100111
000110001001100000100110
000110000011100000100101
000101111101100000100100
000101110111100000100011
000101110001100000100001
000101101010100000100000
000101100100100000011111
000101011110100000011110
000101011000100000011101
000101010010100000011100
000101001011100000011011
000101000101100000011010
000100111111100000011001
000100111001100000011000
000100110011100000010111
000100101100100000010110
000100100110100000010101
000100100000100000010100
000100011010100000010011
000100010011100000010011
000100001101100000010010
000100000111100000010001
000100000001100000010000
000011111011100000001111
000011110100100000001111
000011101110100000001110
000011101000100000001101
000011100010100000001100
000011011011100000001100
000011010101100000001011
000011001111100000001010
000011001001100000001010
000011000010100000001001
000010111100100000001001
000010110110100000001000
000010110000100000001000
000010101001100000000111
000010100011100000000111
000010011101100000000110
000010010111100000000110
000010010000100000000101
000010001010100000000101
000010000100100000000100
000001111110100000000100
000001110111100000000011
000001110001100000000011
000001101011100000000011
000001100100100000000010
000001011110100000000010
000001011000100000000010
000001010010100000000010
000001001011100000000001
000001000101100000000001
000000111111100000000001
000000111001100000000001
000000110010100000000001
000000101100100000000000
000000100110100000000000
000000011111100000000000
000000011001100000000000
000000010011100000000000
000000001101100000000000
000000000110100000000000
