011111111111000000000000
011111111101111110011011
011111110101111100110110
011111101001111011010011
011111011000111001110000
011111000010111000001110
011110100111110110101101
011110000111110101001101
011101100011110011110000
011100111010110010010100
011100001101110000111010
011011011100101111100011
011010100110101110001110
011001101100101100111100
011000101110101011101100
010111101101101010100000
010110100111101001011000
010101011111101000010010
010100010011100111010001
010011000011100110010011
010001110001100101011001
010000011100100100100011
001111000101100011110010
001101101011100011000101
001100001111100010011100
001010110010100001111000
001001010010100001011000
000111110001100000111101
000110001111100000100111
000100101100100000010110
000011001001100000001010
000001100100100000000010
